0.7577751557079868
0.6399416334607102
0.5496728430024542
0.518679168719581
0.7766834998298785
0.5409255723454885
0.42222041500304025
0.40659816236166496
0.3167614972217341
0.41296338963367124
0.6114016274884845
0.20996995377361585
0.7300514365951516
0.8324204276328314
0.4139157018564996
0.4508488694985807
0.4167635749142623
0.4669789776937064
0.3321335989179401
0.38732648695072797
0.5745294281549812
0.6223455109649606
0.43620829948260154
0.7269449779908397
0.6388751496321458
0.5774688498237797
0.7788146066684581
0.36946037157016776
0.799128122041754
0.5403653225188612
0.5496091737933214
0.37257131663909265
0.6304763226121453
0.5963476714424147
0.5950302597788887
0.7845320489605533
0.4064878778938122
0.48301506116982157
0.5274498342818554
0.6823758333521908
0.3509742705892437
0.5568779616163595
0.4026992452787417
0.5379941105486856
0.33380824126006664
0.32732612057144106
0.817176336650096
0.16987575129229734
0.5886539336147376
0.6062951166734946
0.5490405393166526
0.6339622256639142
0.3879055398366042
0.46806391145155524
0.5565189446832556
0.555556630999239
0.4727426248503485
0.6947794765662144
0.37445124127919294
0.5198660935470639
0.641628983204906
0.8440785728534469
0.8661345153049625
0.30070239568611834
0.6046979369551038
0.7656622934045308
0.7391786911054298
0.46444912599256793
0.7758483574789793
0.5727320798260285
0.7005393623326507
0.5175357588718832
0.47158704187933537
0.701259609741245
0.519783229916438
0.5124058388889281
0.46840700443287797
0.4736181000382512
0.6027932933291799
0.5059274179359328
0.7878463887185928
0.6046794003311197
0.4573737374973917
0.5410356708739125
0.45965148088325397
0.43231547490388983
0.6172064610756242
0.3238776856103521
0.41231472842701294
0.6844718041603212
0.7694138913916867
0.5050979616341991
0.30307827615859134
0.6296278199291877
0.7840828735250069
0.7132176744369924
0.7486845254380731
0.8363529372753936
0.6706477878552267
0.49118541764303997
0.4744089143414015
0.6618498198136065
0.4583944940591331
0.7327971363194852
0.5729076351120542
0.5377854503678117
0.7113565901918718
0.4926525435357877
0.7558489105476082
0.6693362472990101
0.6785737050150349
0.6835667403350009
0.4119547136111196
0.516987758437012
0.6567709110454717
0.8799154663399441
0.4617872679715854
0.5549318709196748
0.7018202559593754
0.3533329119138128
0.7503975023936157
0.5328631856527303
0.8064156474285341
0.5446217990581865
0.8159581938072111
0.5190149202029569
0.4561106010968009
0.4012390085853412
0.5184707573816779
0.4954934435930983
0.4405339397692724
0.6814945736650708
0.5968870955839156
0.5095830525073511
0.518312333309369
0.7098856563275016
0.5341255312059606
0.4211516276941187
0.5346884516321423
0.6519622185713635
0.4604761489469506
0.6687621460456774
0.39306055936835077
0.3397626449073915
0.4340140118293299
0.6523935411358932
0.4961876422088521
0.5072815036071613
0.5850574611562254
0.6661767273526176
0.2729747381337435
0.5149447888685594
0.47087257333109267
0.3896126020143163
0.5582759146348216
0.5107319387276374
0.4272942714499679
0.7703152053390614
0.46147592463598053
0.5424307881755903
0.7138223800508742
0.47360335414867094
0.5080358265616103
0.4408538699855444
0.43603987309926434
0.6058305103591127
0.4639481073753354
0.46728356430283075
0.377257811239207
0.4783590274295618
0.6106178188836088
0.4783004301790505
0.41472446340685604
0.6785414476211684
0.40564926552181313
0.445257861528357
0.601895605629232
0.7696889892029845
0.33931851404130275
0.3651778316910685
0.7577177766747025
0.5577698971588243
0.8296034345057743
0.4114566689647111
0.8746296715394913
0.6717563016943036
0.7816452843148094
0.7829385706836094
0.7097487320887391
0.3248882258347483
0.8451952577300683
0.29924053502230963
0.6622588535615799
0.6412381433995842
0.7806045174023803
0.47475814103587827
0.6844017523378175
0.4371813205399168
0.7795526714473314
0.7141409042712689
0.627879133024631
0.3934268738303954
0.5866160789219911
0.5629273398877274
0.4102364098416876
0.5988907612486691
0.5897529251119743
0.3869329074308761
0.3399977796850023
0.581278414645087
0.5275451522787863
0.7383128959815168
0.6449293110489241
0.8095382209587945
0.7820899065424893
0.6325597563762577
0.6510145854929833
0.5476995502315452
0.26136153893678854
0.43094927338271655
0.45058648784146976
0.8252112716466089
0.5569372466321844
0.31451337475716085
0.5607802641140315
0.4552581278720886
0.4017381286646707
0.7413289861260627
0.7461234369888954
0.4520370674126454
0.7789370901938208
0.43836841178354335
0.4673600533903843
0.8478180453684449
0.4555275199091292
0.5852623337218784
0.7668408871506266
0.5836990796368778
0.5303183734199053
0.5955013518065614
0.543784304512644
0.5836734292107788
0.5623858088285973
0.6362787022606202
0.37361933802958563
0.46164602813538885
0.5525345435945929
0.8811333356834168
0.4028047426131671
0.721457662048325
0.5544152191354687
0.7412052716651506
0.37341683742747295
0.7505354991742981
0.690120385985803
0.39502208608876543
0.6215635492714456
0.660845384460594
0.6684092850042763
0.31817302738100844
0.5433920261727779
0.24161801937516839
0.5984563143890683
0.8367309928329032
0.32142056081467746
0.7673420767980093
0.35350081831989033
0.6313844666942394
0.7732275616802061
0.6183151574362872
0.6736470058427637
0.6292916825420859
0.6768701513765633
0.4896944121906423
0.3646223374396091
0.731230294808269
0.4352531169197263
0.7568612903599128
0.6508464250352671
0.5645946359456333
0.34162507595068653
0.37144602813865324
0.48085770064099737
0.6939103466055755
0.7900013740800931
0.5277348014971209
0.2932918963783192
0.6128770541694263
0.6141942381884702
0.8074324309363927
0.8011807065048959
0.6197455414392055
0.7078157667141376
0.49067523530052987
0.4796164585575474
0.6508856787125865
0.4777481068270403
0.5303134334669404
0.485011671829694
0.4757377857936515
0.7233374474456273
0.5028778041049181
0.5086716912097723
0.48177796244487786
0.8180664233415533
0.8325781300477036
0.3808084901715932
0.5477875164190943
0.6523224920974414
0.7912180394431578
0.6866945037350364
0.6527488482178342
0.669303219813991
0.8737197689503069
0.7262946539480049
0.4976800249601816
0.7492173610340398
0.6320888992778075
0.5768646216311814
0.5827389769279047
0.4736591680588293
0.5059961644055179
0.4449111952932622
0.45620534446541944
0.4197724322437653
0.4015731013866159
0.5180451353899413
0.3670091211786088
0.6094335366474889
0.4187919395620828
0.39570425526314984
0.4238900519549383
0.5997315650862024
0.622635527420138
0.2835299028763677
0.6127681322007176
0.7763290675617809
0.3405955126140299
0.489280871675934
0.4051547172333492
0.5859383830139663
0.6055613087704558
0.7324947085184627
0.6903382963062136
0.8220987700341796
0.6529849769916127
0.6894586810703062
0.8310896011315873
0.4862066268455836
0.7237430033238886
0.4836784585298835
0.3831497442052488
0.6578638411952706
0.6925644713445791
0.598630453726813
0.6053054253067753
0.35585950176975384
0.7810782025201041
0.6420553336381536
0.5304464639451404
0.5774337770922521
0.8649381583405916
0.8903253205407647
0.4733220900189665
0.42611689654737805
0.41882048677347467
0.5830568991706748
0.6165559429124449
0.45481525863146194
0.6301150147329632
0.5224524929652179
0.6196228595156251
0.5089315963640395
0.6140745381514843
0.46542414250017416
0.29632285027186106
0.5109188710432515
0.39193222071971895
0.8347807559617405
0.46353700051216856
0.43027548564413115
0.4623833016873499
0.3148085184997477
0.4380802754570569
0.4247336331323635
0.4282849350167498
0.7148490336371676
0.4440310536445937
0.6780470841608309
0.6573068907581879
0.4994021853456458
0.500428689706039
0.5324189763602777
0.6766441049757415
0.3841335911575703
0.5152061490882773
0.32347079649690724
0.6197036722848555
0.45292975722355755
0.45005329634693714
0.6301637721826108
0.47949338142485604
0.5707999307005085
0.7543226003567846
0.5908958805292271
0.5614642966941847
0.6118174842066567
0.5121836708600612
0.45901730740700386
0.5929216427757696
0.4875445437797644
0.4658559582932763
0.3694115981517465
0.8194089941330975
0.5402004625766726
0.6130338325618269
0.8139057854699143
0.40397210468888733
0.4357533097800126
0.5022952770898351
0.8405256717342627
0.5843062370230979
0.46796522967226206
0.6376701604625024
0.5473439363743107
0.8325421340570791
0.3971023074197495
0.3704194165218785
0.3920906959545341
0.4100758978459581
0.31451374326724196
0.4661999950297934
0.7165091841490459
0.7016740757095706
0.3963226076139187
0.636545612693214
0.8843390541873591
0.4041926031826963
0.6174697055836457
0.4684505857301788
0.5968907500891936
0.510339739518147
0.8102373248393491
0.5946345394220073
0.7507234034399242
0.5842211956792088
0.41273693854646604
0.539326654968549
0.6050243999306423
0.6153855131922268
0.5198501433292456
0.46523805767206816
0.3515816077590756
0.5910293729167314
0.5135090642373233
0.39731948039426845
0.4904042929906544
0.6649377314244393
0.3640730358109389
0.49959336203188476
0.598047339239344
0.6364047707569431
0.22162054198376363
0.5192309335867362
0.745241191815292
0.47947910267192073
0.6120975716388133
0.4628674094672727
0.7421182188428467
0.546708880981526
0.5141039339572704
0.6636209277496818
0.41308525807360363
0.7096520353238961
0.5255771723128762
0.38542349692350186
0.49320015715925625
0.4992558902016199
0.36850155576098925
0.514599123445192
0.6952750909601884
0.5454200902348252
0.4910061953220337
0.4241460258008475
0.43886792293202165
0.44544063696030817
0.6906630340780899
0.5766108843074067
0.6863060669913977
0.29929065818230344
0.5581993895724169
0.506201045443287
0.7955369866777594
0.6729862024089206
0.5844489270988829
0.5280163408085844
0.5647371355075496
0.6235081759578078
0.6073382075448446
0.5093954437615464
0.7398202602375867
0.6025710470851938
0.5110467677629918
0.5108523311099312
0.3784196897657682
0.5973697009823417
0.6596251982427153
0.5224546987828407
0.3705166393970379
0.43613042563646504
0.6113566647803578
0.5688537285265148
0.6832261332038763
0.6652852592999682
0.54309594487364
0.7150646409393999
0.7657494126136123
0.49071371253787743
0.6797232358138008
0.6359940704169328
0.5053783304392728
0.4644874048300721
0.34299682707258344
0.4932108777870654
0.48002589986118227
0.30622042696617147
0.6373312511163972
0.5638203609338693
0.7886498543207906
0.6222224451099481
0.3709365051587024
0.3777151771052107
0.5652490153800224
0.7224265035925718
0.7184375671351523
0.5250559514212819
0.7154729218236412
0.42779156654650274
0.7143645890296968
0.7492344808350097
0.4111765662259389
0.6464703266443006
0.646485208748231
0.6680885843300443
0.5702702539743243
0.4635044635610419
0.5687264756099601
0.5992507879969309
0.587639264680362
0.5146219839334613
0.4026375194760424
0.7410185774862278
0.38317876809241896
0.712746520187358
0.4056030535747375
0.4831218214961271
0.3911398828821529
0.5571516671004089
0.35928470023582154
0.746361628400999
0.7979924418131489
0.6078849948143144
0.5616047065840293
0.7575769911339216
0.622758781017327
0.4158338677708314
0.5832386330800816
0.7652797132219095
0.580879295614686
0.7381541588538342
0.6899193104563467
0.3041432454467064
0.5853704615847583
0.4023251267390051
0.7402477456125127
0.6601798957421184
0.8733359537602021
0.4799944051435659
0.5009582437234743
0.6659356763995392
0.7729128850093102
0.36774791915468263
0.4929321145913348
0.42811334920902805
0.6547839304124231
0.37496751975254106
0.36096670453194696
0.5090461354425386
0.6761629987151386
0.6495217888608046
0.21173138164782596
0.7592052467526087
0.4230289901985814
0.5034068580663476
0.6787314390654403
0.521056943382651
0.509174696136986
0.45634713269844585
0.728366637164591
0.5137005055526949
0.7422757232493183
0.523760486357578
0.3809914927750334
0.734303901878122
0.6599399204096464
0.4689271180070481
0.7229427412395787
0.512848463991037
0.5994993810501501
0.3997686670391999
0.45315180195589755
0.6294882176674318
0.5457748357762914
0.4135566292471281
0.3733133462479937
0.7158281374802158
0.5979081389277368
0.6019997618286851
0.623801363538007
0.4513604975379615
0.7711389764308271
0.5065376992084387
0.600690786706025
0.4521950272958626
0.3640576065545437
0.8246363265705547
0.5441434360865163
0.3679628869730043
0.3919666556122952
0.5844821125103747
0.5182483085091887
0.27010170558171775
0.6665093694508393
0.5202149999880685
0.5506214605447864
0.7147411703003829
0.3008585842456429
0.27815186542969156
0.39908567623423546
0.36479765554940935
0.5191535188637983
0.8013221836870102
0.6707085225424723
0.48673945399214286
0.6724714207016936
0.5817229146851384
0.6289288289886601
0.5473269412090519
0.5783587393811495
0.5263601110422795
0.7255183247515408
0.4486530241472191
0.819915953352425
0.603720510179397
0.5237633344979082
0.7397425888188661
0.395938306575493
0.6450862124723888
0.5590494667229163
0.4131927458481929
0.33838946420818333
0.33368240381570724
0.6961363600043189
0.6490567640574086
0.8205640075073733
0.4191868298474514
0.7268429228252858
0.3440050317073581
0.6485635552061175
0.48204668742875356
0.6118730375636474
0.4691714882361812
0.6871699880105746
0.7708786015473765
0.4068160248832893
0.5387818920269051
0.5312863097522369
0.5090952261905959
0.6655135353006314
0.5979030457852441
0.6649055491030049
0.5966616217369578
0.4847949464260854
0.6851809961488984
0.5695032517308847
0.525937845226226
0.3998746662208269
0.3931444440208295
0.5838282995359241
0.6013420316251843
0.5892321792904442
0.5651713186295207
0.6677986945897014
0.5079160452339772
0.5373927859426638
0.4128603554038484
0.6997516355144693
0.559306923550268
0.5278936741970028
0.45013847599624335
0.8892973568305883
0.7033352785718907
0.6236507727052769
0.4521042913257074
0.22356297600924321
0.7096966921875293
0.7308905757366034
0.564443090959986
0.8349382831711698
0.5277354614305451
0.5816252655244046
0.7063363752806735
0.6554888396746918
0.44784034849905546
0.695437119915547
0.8229906302961125
0.6764060546707644
0.5150319131332097
0.5129559398511926
0.7110520637909876
0.3884652228476333
0.6669501555767986
0.7418863839580717
0.6051137890184752
0.3324540816458744
0.35584512753373176
0.7050697858720202
0.4815102829645105
0.4135258081776322
0.47610661375891544
0.6160937642294125
0.5730286824453334
0.6554703441340918
0.44632359676060107
0.7294964076881122
0.7149701590265692
0.6572231923771368
0.23323423679273203
0.5694428239547893
0.5426776712465569
0.3680441545660064
0.698359624480725
0.6679107764297273
0.36996216141035704
0.7193118997485987
0.6623829204321708
0.5695634054505434
0.5598975043041583
0.6634866224081052
0.3702661007098706
0.6668085392693386
0.3968524218674035
0.30535813477058704
0.40608457981499635
0.3299550581966735
0.6259191082841352
0.313373334959184
0.42151214697545514
0.4813901632148728
0.40843514463742137
0.37570159290823774
0.404020857214433
0.4664736841817613
0.3980663805357497
0.43699006826418574
0.6493061033883891
0.7097214463173213
0.6470284640416067
0.5547246932316299
0.5508671634019637
0.5242411007063581
0.5465222901030599
0.4022711922244626
0.47958759634510795
0.6377609174811835
0.7991030911525572
0.6392645656550886
0.5225437587950059
0.7417260219627868
0.4789785249646331
0.5445412988044744
0.6538085858563908
0.45311414252357457
0.5555117513871138
0.46753725805595325
0.6061412399632434
0.38667850328375586
0.3272186158562165
0.6650882244937082
0.5166801030941621
0.4091036492555137
0.5434233446492847
0.8741394749540109
0.46777250207246446
0.5676686649671872
0.4410326816965578
0.8998354619801564
0.8434225325488411
0.5133682757987925
0.6369618052610406
0.5662973335458067
0.5038289481055316
0.5635765121720033
0.6790849423222048
0.7234406311367635
0.7651060227584722
0.34272588656819936
0.7025301237142402
0.4744574824025631
0.6601715108250197
0.6043845001862916
0.618727408680662
0.3811959681795845
0.42807824149734724
0.7208546176720579
0.5284665166276912
0.7446402680666729
0.6072434219563689
0.4585875175157471
0.3577520636137177
0.5587776691484538
0.649800326273282
0.4084464160959131
0.8071173655055558
0.5237630968275967
0.5810171193965397
0.7408837803250379
0.6731915135117948
0.4216741544907386
0.5489924870981775
0.542267290164053
0.5532327846907504
0.7658272833844175
0.46642458858884783
0.6549604252206921
0.46509693621110815
0.612555003719143
0.6089141095165941
0.8209586129032057
0.42322017031947573
0.44282311017154596
0.4035508563062449
0.4739006743867069
0.6648516242396902
0.41148967710246026
0.6604815131571055
0.5280143460500835
0.5256238167245303
0.754026464416727
0.6180705030008067
0.5794618543842569
0.6397502245066429
0.37373254607977385
0.6813869855392883
0.7221766547119001
0.43068424103317854
0.40393331573554864
0.7062591334838326
0.6934979738030309
0.5779770484129862
0.5264515252096058
0.43396305053157064
0.7011823568982145
0.5525676616191963
0.446132104467597
0.6313901519901173
0.7215909674568385
0.5856980048421521
0.6236630042950586
0.7829424127605205
0.6288403528384097
0.7220544508190856
0.5869863435790904
0.5452681606016246
0.36478872570542836
0.4937767787661618
0.6175711440121187
0.5792636431058293
0.43196765449414154
0.5613173488965363
0.4577577405013002
0.6255948641612896
0.4117897651953067
0.6205761302014752
0.7809624729539238
0.4948978908680033
0.5155279618532541
0.6501573928718987
0.5262453772880383
0.469244322528383
0.5333658840483624
0.5076226476092341
0.4579804313560867
0.6359840056756538
0.49359215265629613
0.576591683223121
0.4483242014442124
0.5184461625465483
0.5609010096774517
0.5797870510175164
0.736214003375236
0.8457263821417919
0.4559342791038958
0.45090793454596234
0.6160520879216786
0.5007262877410078
0.5682480003855023
0.8816828598395028
0.42586662961596367
0.5700231069806232
0.6693743758245817
0.7383699673336088
0.4374293991859937
0.3091075061875785
0.5325630460663958
0.5813614244285312
0.6108280093468123
0.63432346788034
0.5855406362204462
0.7096169455022873
0.5111305296571195
0.47892770048658206
0.44304339879583143
0.6054699688558237
0.6087952314131683
0.3607632858291823
0.8196159657028871
0.5973951685231428
0.5530686202196656
0.4276801596461808
0.41739504804568184
0.5342621296432795
0.640745262499062
0.6025792034165285
0.4773539442343349
0.6544864504662546
0.5584648015369745
0.7240519292439787
0.7485461407396061
0.3446890340648406
0.6343094586233982
0.6373965333131327
0.5083910686913712
0.6007790745955328
0.5386814843641781
0.40913941557601824
0.4300923173255668
0.630861856351774
0.7885486420141423
0.5671689651468949
0.5688542598516846
0.6179643117489422
0.524557641028717
0.7400809016559914
0.6833997254365973
0.43766421761424207
0.5714499990924672
0.4713450577865851
0.33889609624079353
0.4440667404707096
0.6448627343198791
0.5853263919878072
0.673328156887815
0.5207557941822597
0.376029672918199
0.5014817330201621
0.38787823096030577
0.4273150877283717
0.846372559967616
0.635225068949274
0.4879880938457903
0.296410228175987
0.753250437203656
0.4364398067736849
0.460230661925702
0.7934396264532858
0.3877188519239976
0.5989881752973565
0.47728893960922864
0.6147856258401315
0.6553229926622184
0.6383327663700811
0.7570768227645558
0.6943690887178005
0.6979667133493928
0.45676334672022717
0.41752452729552353
0.709044070606022
0.6577423405546904
0.7619795184708428
0.44666854958019975
0.6135296552534439
0.7138664499245797
0.518936684344552
0.43858706711113726
0.709592012973941
0.3534138521259633
0.21171320027729415
0.4532294874898999
0.7318069230473386
0.5241819830540234
0.6483640099978121
0.40746572245291723
0.39320300847635964
0.3670136590454226
0.5447454268223172
0.6300861479497496
0.5642742043975608
0.7468438441858213
0.5406877461728856
0.5431549443594914
0.26840879032436643
0.6068004334527644
0.46847865026292895
0.42687199701396505
0.7582856600297152
0.6496043368866964
0.495249793636749
0.5450740043616463
0.6751824426558106
0.7063194585047415
0.7479846065877284
0.736840874016886
0.676869051866574
0.6886422603880888
0.529151772408177
0.5841632668880704
0.5895136087337637
0.5515353076685324
0.485935115837028
0.4116455182250117
0.4994385733497044
0.38039928762083436
0.6903173455759626
0.43896895143905046
0.6698605178926437
0.7975633009079173
0.3679331169426743
0.3588118419637802
0.6652932610414146
0.7589835857694607
0.7165991176448167
0.4598771305633821
0.6594754778769168
0.52938143903051
0.8041358436197759
0.7746898954009694
0.607537600048271
0.44352069092989616
0.5767151926301013
0.5007021705670718
0.5097892890795731
0.4537213513454798
0.5033023671987074
0.5465205731226701
0.6763031629554866
0.4240555349362994
0.683989094984641
0.49612626820452593
0.5732702581050723
0.3465207382872913
0.49367422409291517
0.526293956198694
0.3060088692090439
0.6058748864169271
0.6049600811348739
0.46822357290461
0.6344033908507501
0.8411797567224477
0.4672119506360251
0.7744044043790261
0.5920939758283329
0.38771241928387135
0.511694078251168
0.6018503049975438
0.7392426167946374
0.4922060143428809
0.4667987237698104
0.43705313491021375
0.5549788962542682
0.6004245323409719
0.3885689399764105
0.6162917335033922
0.4445132281821918
0.6118137177000451
0.6134692343643257
0.5278221632592783
0.31604255056013214
0.5895612499556945
0.5772506111231297
0.4977630650532777
0.40110932199659827
0.38949444028695274
0.54925171484559
0.5055540984463065
0.8438274069507076
0.4478310725658747
0.440618106944628
0.7029086563454225
0.6045693522646788
0.6195073770172737
0.6848346486247373
0.4848213648874706
0.5022001673843696
0.7683844117742097
0.7545138524026166
0.6838419076547744
0.548071282039983
0.3853638619370254
0.689599010785938
0.5288978936381347
0.47595690497024123
0.6870640773211191
0.748356007887042
0.7023135951425141
0.6844733925439868
0.4857302895268635
0.46734942279509034
0.47358512653218143
0.4787047176142023
0.5857449012105435
0.5421070436794191
0.6241965389841383
0.515935371792562
0.6084529583445618
0.5387126003161432
0.29835939764074004
0.43658028444148356
0.5244315251356211
0.45034059643512636
0.4729618751137611
0.6164246150858753
0.5120535919125853
0.630930939754836
0.4897009922699829
0.6248624216018689
0.5313774276239234
0.4834457752731868
0.6138955402468613
0.6582821323361004
0.7422182527725053
0.5320227817560158
0.18768203551725438
0.4058173871539511
0.44763476114454254
0.39549810256407275
0.45181985676109154
0.6960413110428765
0.7071856356457696
0.3883876134713235
0.5179154688041455
0.5774420199897069
0.5178006894318994
0.5349341021355489
0.6379574910969747
0.5659409587932828
0.531972595797258
0.6136996519221302
0.44443463159375957
0.7442395941399516
0.37532781043568464
0.6015899677043792
0.5263090232774709
0.38345620424658966
0.5512784360387831
0.691363431119986
0.41014412328380223
0.4611715555190462
0.4611379769968177
0.6130682815601196
0.36274243738258743
0.36419004784796655
0.4400274196852304
0.5685780374321169
0.6005221337065996
0.5637690631150802
0.5684288272034839
0.32898369693196544
0.4332668492662
0.7449690998917907
0.6232798187887545
0.6788347980077593
0.41856706212342937
0.5090816243077562
0.5728828192525511
0.596122243962719
0.5487116413249237
0.385942728012496
0.32186641107721153
0.270879191308668
0.30777740750367877
0.2781230481521872
0.2519779416029975
0.15117689340021392
0.38267908760681013
0.41654629239574625
0.39260712994913677
0.45967347047815893
0.459893377306218
0.37279322698123607
0.6738102132111428
0.668526052002743
0.651617926457452
0.38822521521628833
0.03731812357614484
0.0962921816637117
0.6836815326201722
0.6001765046274558
0.5681736002239385
0.7649024342829379
0.7448340408558843
0.5643593952080144
0.5288045886423345
0.5952415472509204
0.5909892747185983
0.5930502699960575
0.6787940868101433
0.5360207765388527
0.6613438273025796
0.6369479392143386
0.22809494250558504
0.7219479552798688
0.7114183825050974
0.7410390478664084
0.8085262993084803
0.6257400709147786
0.8490457280532601
0.7999205920823218
0.6700800376120097
0.7765486625759459
0.7922420589590784
0.6114607594071335
0.09496749888489407
0.13754014259270103
0.1404569863032848
0.11147429342873492
0.07349293148175016
0.4591846303718723
0.33806772099817234
0.27239256568179954
0.1728655931213035
0.20661427462638154
0.2946919047109793
0.15376873296195703
0.1390998546665839
0.37008988039576357
0.2457590651504524
0.18269382987281427
0.13863468343657143
0.1056673952027145
0.09341253766800585
0.05489573580810765
0.0319599878696829
0.11199153732854916
0.00397931399302309
0.2343294533905153
0.20053611387961465
0.7117651462379934
0.7718104904694131
0.5021177679020172
0.4599889608476167
0.6399966525348741
0.6450462502326121
0.5893664733313388
0.5540712754322938
0.5161270398518443
0.268126598933017
0.19542498388890145
0.2017512788214509
0.33019354287301816
0.35578187059377797
0.352244792952913
0.1807720000423681
0.10995879088177105
0.1818022105879191
0.04733753334946404
0.010518359554614916
0.44344285034653713
0.5103373023046877
0.5353095093604148
0.49102649977524565
0.23212764178521758
0.3106348958401394
0.11245182381133462
0.11091524767973114
0.1318917556448235
0.3833926183874322
0.4120232928337473
0.44176966686141367
0.47288856602570173
0.18815284363632148
0.15996799111939727
0.11759389884019301
0.10860235544585242
0.08214734526310556
0.16790959666327443
0.26442199773779873
0.4127012783970519
0.23036524050176854
0.1485069982860459
0.0963778437980743
0.08973879404109016
0.13215856505908977
0.12897401564033834
0.10735977403483687
0.08955190861750582
0.062349530651571825
0.12049529813853162
0.12204307827312276
0.10019734265158366
0.18758694501186
0.15143897291067143
0.11140031648622248
0.10907405954458703
0.049305004091432646
0.03433685065448661
0.08666622510559813
0.10159851092611173
0.08278547718811884
0.14073766611031946
0.06674060991531763
0.21398210256578054
0.13026253629646012
0.19935090958215995
0.13327391344543818
0.4081596344691392
0.3113711115114428
0.21335967286410823
0.6940214288881464
0.5676318335706235
0.637570331467567
0.644045371107455
0.5311130953143138
0.5278773891149439
0.4209812612097299
0.6462753072981018
0.3442175427701934
0.5134733858318226
0.5515190530484959
0.6175568183724096
0.5835263373481024
0.5069072686821839
0.5501998126198805
0.4924266339665992
0.5634562862182985
0.4557607386553741
0.5096849957303596
0.31706637801629406
0.21369534035588916
0.11239441048970909
0.6446823990118138
0.7590534228069054
0.6930548915070978
0.6527184141359113
0.5300740426262924
0.5884181850081526
0.6707370032089969
0.5237351094749889
0.6077609277683539
0.606861527834203
0.7355237542002161
0.8028051513458895
0.7728520184476917
0.8209641639081986
0.6488976631640746
0.6544741841804963
0.5751097389110897
0.5897341386130557
0.7227699658663884
0.6088341701292818
0.3916478266750668
0.5439861626509708
0.3688127196459569
0.7880113971775067
0.6697942063645472
0.6949070912072561
0.656245371304237
0.735484794886113
0.37680681467695926
0.37708589947784577
0.30617678547451727
0.2662714308959466
0.20177924913654996
0.3123572337770412
0.2905141821017711
0.22700371922726925
0.23662805680025273
0.23337981768735333
0.20021082155850267
0.19976090022482854
0.24048349903686103
0.22015228416263324
0.12350510655153935
0.07925555245824793
0.3310700372457608
0.3634815829429421
0.22068827142358102
0.2860615641473746
0.34732246664135796
0.1423872521969795
0.007951785238199532
0.03513489280325855
0.017726068475874785
0.011034566354075783
0.0
0.171337978671121
0.0
0.28232852289377464
0.5282952039585256
0.39194579332241336
0.09649367964547957
0.4880011459090047
0.1749072912132246
0.09921736685071327
0.7096825984886668
0.25331736696365903
0.15078859988578064
0.5913696710781378
0.11107416233734287
0.6334975487664397
0.26996310926867373
0.6011444863745673
0.1292562313305152
0.7271991245629592
0.7810269619781998
0.6744031225528517
0.610089479234219
0.13673184554917886
0.4737251211354296
0.0
0.2586655613375978
0.16633718032428538
0.3454509304455872
0.18284476618791262
0.6251655693267076
0.5352962238826627
0.33712184761878766
0.3650036563819903
0.18085271629648286
0.20041645744548656
0.2955577955443966
0.30063775208777277
0.29988055308915257
0.316553365021613
0.3116533153586407
0.3383251651466915
0.5778904492078334
0.6802823681098025
0.7169571486632252
0.6837321466144526
0.6181831573301146
0.6059449815833758
0.7006537241640118
0.8155163329249376
0.30938565419523734
0.3114489870572402
0.2995029080122491
0.4018164380045815
0.3088183587791346
0.18769117728529183
0.3352348594133689
0.32801759979754025
0.37987385571145926
0.28869206619928883
0.5288306704709932
0.7145286175832736
0.5350500534195453
0.552069976465935
0.5530424047697605
0.5167726242662465
0.49957838858659376
0.5181372055505483
0.44751445826865355
0.34080014694199334
0.37625636660465955
0.45486035052708107
0.5131017085683103
0.45369795897602666
0.6576005710789344
0.6589166942170013
0.6407590470553421
0.722684464356629
0.7600455183534701
0.4115676427004717
0.481684999365035
0.4000031260610666
0.5595888341589851
0.6944236628982027
0.6916081811035883
0.6672778214517278
0.5722492562655738
0.7604218592399392
0.7479485461171431
0.39975644395769727
0.63810545500907
0.44117538232497605
0.5569037685705378
0.488875448583555
0.3080575667882866
0.6734169946812176
0.808682038688934
0.8628239961146313
0.8870764159054557
0.7242308332960219
0.7074600231658161
0.6453697239162093
0.63686423839765
0.6916255807208758
0.7490452715064373
0.7012764423632641
0.7055031737416755
0.6203365086473935
0.5987225440702025
0.6371505996234875
0.5647635416548451
0.4882447369692383
0.712031872180662
0.7683371675804805
0.6877753922802718
0.723012252159294
0.7664417817461304
0.33414843164756364
0.2980957474686492
0.8052254076906277
0.6178208492228057
0.7385286831633158
0.6690476589825156
0.6313831369760804
0.7014704683870491
0.6257956485797362
0.581763281278553
0.6872553805581031
0.28552602025404017
0.37786435384239314
0.4766179619984719
0.5126808085685977
0.5699972813263575
0.4755930892009645
0.4878998314289823
0.10597818198719276
0.0384191230565082
0.032557664177411585
0.02959093042741594
0.058425917362360344
0.015507434920782173
0.34370514925837825
0.29323377650167887
0.34599190059991636
0.329419534680385
0.0
0.1018267217117195
0.02596773778907802
0.07284910485470757
0.08813753209003919
0.08906267232186624
0.04621727046984939
0.08355917057133166
0.26930894312456444
0.48967649902715354
0.1606462551258766
0.5451814292645556
0.7939326121065055
0.7221143095249049
0.7227950370146555
0.6596208772226121
0.630046845198002
0.7004360679301836
0.6050630400171739
0.6446400666740648
0.5932051943582786
0.6442659132399027
0.6310564482013685
0.6804230308465872
0.6378782946009273
0.3144528623956844
0.47656435726408664
0.40158813228819046
0.39663650779893944
0.7649319910546512
0.2326770667181425
0.3655077826690978
0.22571837706639414
0.30516944295328285
0.3956364234918426
0.3827032337851637
0.3282923027572973
0.41450617700670667
0.3974418633473846
0.22989829394839653
0.3825717426749063
0.27254735386318585
0.26322321737339743
0.2321269379865056
0.1323122762736775
0.19489674509080318
0.14422646434425768
0.250286928375791
0.1012761010576704
0.1031219142229222
0.05705159428491496
0.09214604490236006
0.1274793457952551
0.12174967618813577
0.35647331409082555
0.3131364408663702
0.34157545973708575
0.15455975105057504
0.12510223659206965
0.20195250292943714
0.018375647526225794
0.0
0.24986789969671608
0.3769307007868911
0.06737075837198785
0.6373512486543946
0.253972176939122
0.4430485919746457
0.5968387318578152
0.8005908977248362
0.8752255953160555
0.8053947212097559
0.6305220675624837
0.7139512082884031
0.6925938824969756
0.7781698333816056
0.7792588297556863
0.6310946817133909
0.5349854374297561
0.7745591690534174
0.8117787717813723
0.6173017139601039
0.5667698826354276
0.6964558014516218
0.848293636320187
0.4229429487582324
0.5101481689323564
0.7221885943775876
0.8014092498770455
0.6667776990532635
0.661500105424485
0.6955306598462542
0.6998289691687587
0.6815435948343127
0.6609443936574538
0.5453287735838793
0.5139492163772038
0.5727534914568881
0.7551497312282515
0.5770464952822058
0.5702603678217858
0.5410324395771442
0.7287640710179986
0.4501908242070305
0.5311851321483969
0.654923262442928
0.6698647113549709
0.519036254767375
0.4956441530170466
0.47249116711618533
0.4201199768905897
0.5350549827785306
0.6773356929200522
0.6766752083425804
0.6662566806760107
0.6765956854535802
0.6536463681221447
0.7175420209295584
0.7013089964190857
0.6377151354889752
0.5852810355966229
0.7251945057518507
0.5765865078944801
0.6530951173107381
0.6149562577540333
0.684546224348709
0.6197265271855299
0.6206364265203022
0.6932755040776803
0.7350830644875661
0.6423392149258776
0.7363107883532894
0.6437324469686233
0.4477998045990044
0.7533485576030593
0.6371934885406544
0.4507559362934188
0.6311113384720607
0.5144438965465631
0.6558492228453119
0.6436603387280395
0.6302232905165386
0.7902014211210862
0.6407727448547681
0.6528888266651941
0.6020743555335946
0.6648073198886264
0.32203053416246047
0.8495509957478761
0.31949044311474845
0.4457135228474263
0.8333656647120393
0.859700969053423
0.7917584354696924
0.7890652196406568
0.27473414363445314
0.5368677325018997
0.6567384542281208
0.6617866924400081
0.5868616441178869
0.6072542276449793
0.49358667335865875
0.6063354672027655
0.6527733822833365
0.5985117088202311
0.5186818550653736
0.45942691107905775
0.6046880433815626
0.522522802195545
0.40866231510735573
0.3799549242530231
0.32059405333721297
0.5330817790415119
0.4446482980990822
0.7617184605518537
0.7231207313254877
0.5929333832411041
0.7515472581605761
0.791233298187171
0.3601259642223976
0.3323385273205063
0.4566679589043223
0.5388278291624127
0.5460684162462972
0.8286304473919354
0.718279508088538
0.7666597372254698
0.8099803717815708
0.7489563407552478
0.7370947884947961
0.7915401982628127
0.6732959182016273
0.5984486820935765
0.5995067370555329
0.6640039993176594
0.7565511867614292
0.786434177611696
0.6792512819470746
0.6310203000121898
0.6489520169708615
0.554757563894403
0.4948729473495105
0.6020891412637113
0.6554039108449043
0.7315022996183514
0.7193519318156705
0.7693788333633058
0.6248581929984836
0.4602483067515837
0.7000805038217722
0.6639431874650598
0.6718753390837618
0.6266570159599698
0.11657977965334618
0.07692201254933201
0.06621002146478802
0.21177634224159442
0.21397925505807597
0.2549167226483125
0.4617272354874792
0.6456248604646366
0.7075559833917092
0.46571752007209233
0.7559380401156603
0.4956161188513326
0.5589738596914248
0.5014278460890594
0.7087331871048568
0.44817690827945017
0.5122357939487625
0.5841063329790894
0.6609036734416934
0.5739465551204724
0.5739263595516773
0.7474526191535968
0.6313901136927907
0.7330642882750529
0.6549839069133013
0.693689403077588
0.7467513883741287
0.37232662941310257
0.43182942437658156
0.2277955576365226
0.2082109167639994
0.3679772735076822
0.5772600149107155
0.41702176910514954
0.49562344074267695
0.8810281222638603
0.5439043654001974
0.2594423275606337
0.26089669478968663
0.7812965126949802
0.7774822426479717
0.335759648574541
0.17739043472322327
0.6829595645464497
0.6745758818766653
0.6622497472905526
0.5590022851757056
0.6824651566690955
0.6795870556095118
0.6096341690848958
0.5624685373761319
0.574225786848216
0.6335229866992218
0.7193625379476903
0.753864936230721
0.7936978090630482
0.7329834409481446
0.401181880297534
0.8387796126458161
0.8105057424255016
0.5645685437258564
0.7700599519504173
0.607815343116558
0.5575925762693236
0.6304851807286613
0.6931310377579887
0.66978578107665
0.7181326799516861
0.6451244128118603
0.7520427457466594
0.500563776346824
0.25009415398985513
0.1207069846553152
0.17759423887612225
0.1863820530964135
0.16524667323770859
0.6229279876774391
0.6034846227454549
0.6584798810251986
0.6206537579573991
0.6358367106332328
0.21602679276807754
0.20828205602615005
0.174525584778455
0.2420286141509386
0.22580500852736654
0.24786150460238363
0.36038745613236073
0.43723911734811255
0.6334807120257734
0.6727070948825433
0.31829344805094173
0.5280901160981072
0.0017654133995847836
0.0
0.024632507435416496
0.013562497214128737
0.019549324392866364
0.0
0.4787634785128037
0.4404301202120854
0.4971507585326975
0.5699301956416922
0.6711861253893988
0.40968774322222645
0.48826499600027906
0.2971748983190015
0.3394620863651558
0.2524494631020314
0.20668604608942348
0.14748488253063533
0.16196979374778053
0.24358766868966097
0.25178217264728786
0.23324289925857505
0.20763652736218594
0.22818600260626903
0.29761528986031727
0.07561006211247594
0.11693287502934321
0.13261190302625514
0.14066159703262662
0.22002265895769663
0.23526684435596146
0.3014613512077011
0.3373128658303928
0.25996235809153834
0.9153060298472987
0.8692887897782766
0.6837144180443252
0.7739658173691907
0.4068419893594274
0.48739182036275464
0.5338995432287839
0.6394457525045223
0.5290537573985385
0.5708183789346956
0.5538105464144026
0.656733937019096
0.7601801724357872
0.8628301846299943
0.7678241995948819
0.7202822109919563
0.7379517758990619
0.7958303507906049
0.8237793908038997
0.3940502435794798
0.772314659349737
0.8435763303117133
0.6844629088326734
0.5045095975707016
0.42972260070144014
0.486716726379349
0.4950551125224497
0.46123202223752535
0.46148259287011556
0.4676643824370483
0.35933230542846945
0.4264207238501733
0.47764365122651997
0.571894824277445
0.6022593052340754
0.715499767404312
0.7029358719373836
0.616745488708741
0.733052181082203
0.6348264356039218
0.7527144840696484
0.7523785986512082
0.7333872971391824
0.5976036748999488
0.45703692440940114
0.4815568553279071
0.5935401131321243
0.6540785959813549
0.6839867141846061
0.6858562490123887
0.6661085738135616
0.7528142220551619
0.534132508915958
0.6588613505567964
0.5947490263872598
0.7337856290889406
0.7919901112606926
0.5897158637844208
0.7143043324171866
0.7743082180876543
0.6964073827344165
0.8398727130425382
0.6278186047269704
0.6420996757189564
0.34969437367245926
0.42187623133868934
0.647659687048379
0.7057509706241395
0.6915237062993521
0.8231615515498735
0.691690880091475
0.7804488697340612
0.7194761099986692
0.7549878148376319
0.8721632870309272
0.7184233979069126
0.778743833907018
0.72056466801315
0.746225351111819
0.743491724501873
0.6926335799367321
0.6127427776187718
0.209622267421624
0.19773510611211606
0.21208390900377352
0.2818389256106369
0.5892721147397326
0.3694511686754734
0.4328235659471278
0.26904724636511523
0.2284117811005812
0.3156735002816624
0.2425696872434347
0.1266363408371691
0.5295357220578293
0.5292957549730981
0.36108853621049497
0.5119432415269977
0.6977362903761035
0.5180787402147619
0.46529237071496204
0.39998924971618594
0.2847129645195046
0.3576741422785986
0.640790871330233
0.6434310615949264
0.6096701526130445
0.4552722329777195
0.5234060969032329
0.5894838245060942
0.6889801150483138
0.5929700686065095
0.6680580527370079
0.6154858977298189
0.7486469525256663
0.7443560630519339
0.46521282995956637
0.7210484805987152
0.7755005486379071
0.7008383617718761
0.34224570409881344
0.2821466028543671
0.32349190036711
0.33257352578839894
0.3423427492435861
0.2885342929177128
0.11709206529691675
0.27281216808901726
0.3677487193486217
0.3535851333527459
0.37233804553870586
0.3672159986871589
0.3620502868453673
0.3622985429201737
0.3628536335613049
0.45429228270424027
0.1494809342574012
0.17895544861690324
0.2123781031328951
0.6202118771603244
0.5135705170649074
0.6317038528740709
0.69810225968399
0.6039991071160136
0.5062340805043535
0.5627340959236977
0.7221386569786155
0.6013719963784808
0.6506436828376002
0.39442546261510697
0.2242051129162748
0.5466172213420283
0.5615717238777398
0.6505960217479153
0.5352106562415545
0.6448086690979936
0.8023669043214783
0.8439874018634785
0.7948558140007227
0.8665440055881449
0.8631301139671662
0.911882865379647
0.7164962909547857
0.7372645785990083
0.8368078503053737
0.8150709458095957
0.753954902351071
0.7636894182474487
0.653333218461984
0.8689802536281992
0.605948271293878
0.6760955155947671
0.5549022231723801
0.52603944252214
0.5280811478327496
0.6594876306881134
0.5801035895231642
0.5193499185387309
0.5827919706592086
0.46746675775367996
0.38882812866284183
0.482262209935375
0.6539201113042427
0.5632733247682155
0.6646216126418313
0.6741313890091974
0.7045637623892733
0.6811975673458409
0.54747420759646
0.5763951741726413
0.5816167358624502
0.630172714151675
0.6638293959482705
0.11613396022686395
0.06126814295687313
0.40700101331400507
0.3037265546917673
0.417003072842858
0.3994810540344548
0.3364361616427967
0.3246731078516434
0.5216477123814105
0.548170535699706
0.3672748933642775
0.47351621101135755
0.371135734025995
0.5229717521050905
0.49925810580335084
0.49375525052733127
0.6424975492882403
0.7155962722176438
0.7810279813593098
0.7415163289361802
0.7336316591486995
0.7058026034309745
0.36185599406816094
0.38783863702728777
0.3044490217014582
0.3001842497480135
0.3103210987506189
0.17706128428850818
0.2546226323475431
0.16401293004302447
0.13692794401007163
0.1479432551160729
0.1907128082884477
0.23469746487311394
0.1963092597103899
0.396217894818879
0.16000977592284643
0.19448606143622665
0.17744779595384955
0.19121237932169302
0.25113961731494583
0.22834042174751257
0.4399259331598891
0.40128475939151004
0.4448968627502292
0.42998097614965686
0.4077469193742185
0.5955592830233417
0.34728414901880295
0.41756882662759903
0.14841881275837235
0.3355936917422028
0.6573946685475791
0.7185909386948302
0.7873906969002931
0.6009511626403066
0.41611707727856784
0.7472536527006975
0.6436741270922878
0.7500874058701095
0.8332369359962
0.8024224766105768
0.8147963279193298
0.7404453999395084
0.7147816399071202
0.6947953481873702
0.23990217592547472
0.25563011000852554
0.23352413767967484
0.278553065110105
0.12774716881787213
0.3135530716253169
0.2605857984127184
0.1550674434532377
0.8299323861044496
0.7352682429951657
0.6616182918818155
0.6679143079995583
0.46137026280623533
0.7458155792869549
0.3724529987023884
0.537088878157709
0.7627645583758412
0.8327989281610024
0.8297023191447583
0.7429503108140006
0.6534069303870302
0.7320882886305541
0.8057888567009126
0.4092377017909598
0.6368673164594039
0.6884281369849397
0.4517222317631624
0.6614644392441381
0.5770108144040891
0.5620133359800232
0.6628183293077565
0.504490031314324
0.1477733970101866
0.24050784561583463
0.41094555221760554
0.3204612279562048
0.23661282863290392
0.11656403256437729
0.0
0.025250058938785826
0.0
0.004657067480658248
0.009155594389194843
0.019906851581979072
0.0
0.47977770682021764
0.6610853493273074
0.6353055918400814
0.6369160044843908
0.6098609675799603
0.4501238406718669
0.4791689883900679
0.49499731613574127
0.4015135521240002
0.4974353558192233
0.6156016732850178
0.7167522089304337
0.7171614168414338
0.7148559514653771
0.692511600035033
0.7315897557253924
0.7081572013230074
0.7101187860182023
0.6843483866566396
0.6436292480656424
0.58630750498834
0.6326319828330146
0.6279501817131714
0.7507639189251715
0.7915360983484125
0.7494381267075059
0.7668195086312174
0.8410953012233894
0.8073811875456832
0.792754467026666
0.8271228963066971
0.7838294797283145
0.6528818892242316
0.7058123039756532
0.5842040016870924
0.5307005736968793
0.6972226152179061
0.644308842228818
0.5824429977339405
0.572202463196873
0.5732169320202422
0.5000761661228912
0.506439937942714
0.579881886227751
0.6495848872866988
0.4086654435431662
0.510840132122408
0.3319801068241419
0.5552687826375818
0.7151442580313682
0.6271076611678915
0.6372054569745542
0.6250269072155313
0.725910600276389
0.6278036134239254
0.5528111653134236
0.457859335640752
0.5161233663922127
0.5146758784240426
0.7818268318428866
0.7652327785187938
0.5827129272294732
0.6426741055204253
0.5733763754215512
0.5845853846377997
0.5410658964064107
0.702398839790746
0.5404693246147112
0.7316906832565889
0.6324867412021293
0.5901558995187797
0.5481106414032899
0.5820710639629865
0.5262427625819571
0.6702275944931405
0.7137975065408126
0.709690234820818
0.6368323109880648
0.6485243086922184
0.4924135342551475
0.49419360037461396
0.5601750319269884
0.6854687457372942
0.29567269128271295
0.1284724260302617
0.2011227640188211
0.13501928189748202
0.29689696122025505
0.10760410452099314
0.02663909993870916
0.012863699792471657
0.19548679025624635
0.2848738120269215
0.3505949402195172
0.4275750323960997
0.5167035747476407
0.39680075097673173
0.47913290582209356
0.5125098155469673
0.4257814181983168
0.018888626775401225
0.34220473817462144
0.3142765082111639
0.41395442882074523
0.14436341381781653
0.3304913009570485
0.40538226497075064
0.2819253981965383
0.2710433736757038
0.2729082475545876
0.1796898536719293
0.18754343503528734
0.19707616607297737
0.2617155668496419
0.2753753824764475
0.3299251079178346
0.2941963423614347
0.12722570138342462
0.11342675824781621
0.39498279468756703
0.4930376306392311
0.20086390548186006
0.3995199319099951
0.4555650642086895
0.5348719321318317
0.4532309832747391
0.2762546098309452
0.11777522230579744
0.11895953409628077
0.1682287247107253
0.2557700960874433
0.1492549416178041
0.20072182913505993
0.04961884828720242
0.09641147742183337
0.02316507783621556
0.016521149934403553
0.2769240487687706
0.5912906285252176
0.6586750335436976
0.5288715865744636
0.5674080560844506
0.875328205467082
0.8450386624382107
0.6691902179129283
0.5054830876641032
0.5605891649468497
0.6487387057657038
0.35205311502434883
0.5010148294887298
0.3952408468287618
0.34941296141812916
0.3636741037079545
0.3093763117574593
0.6067895232505531
0.6572897689371632
0.6810318466096175
0.05675077930830148
0.3071949259754129
0.3399398710203048
0.4272708771061227
0.2706729810540353
0.35769821157334525
0.4018437529630876
0.4336696457971745
0.3855933811569265
0.3661388194761324
0.4213646048022364
0.44380308659259693
0.58678331750601
0.47915136774452394
0.38736874332403937
0.7764069586130745
0.5608841793795407
0.7131704768286261
0.7473582399269212
0.8178945325233057
0.8211186071229729
0.70445549269867
0.7738673395753669
0.7226694126012362
0.7744257389884167
0.9100149415056394
0.6728181854337213
0.705024598938163
0.8107444113481145
0.7666477024872587
0.7884896323859525
0.797760161872044
0.8379771958533337
0.7908265483547405
0.7432526914303003
0.7350126939020136
0.7244618651514086
0.8386010446650976
0.795961059190683
0.7612253932039372
0.7767749828088988
0.7650407796447005
0.7305195180866119
0.7844571343390242
0.8237971861976612
0.7066757173807184
0.7664928506081444
0.7239078331167327
0.7470951470726663
0.7562631786087858
0.761858654572423
0.8547965687582574
0.7519010256729376
0.7461749284204291
0.7401929979860703
0.7567681042777334
0.713840809342501
0.8158979241425132
0.7982682097340981
0.9031405112600137
0.7877094616759336
0.768542744185737
0.7870192352151625
0.7518806653676865
0.7739618950352787
0.7960061244210939
0.7651974037845333
0.7112999054759984
0.7636099540298493
0.8074237469935659
0.6406764143249364
0.8757109937171798
0.7259725155679071
0.7217851895851783
0.7859398686421428
0.742614312019449
0.70793851211394
0.7947551904619821
0.7874450437549863
0.6744076853738109
0.7844935483309604
0.769391817164399
0.7534117566999944
0.7964714061271643
0.7824268153268301
0.788031166097914
0.7169209996947206
0.6628800552978724
0.7546306729641009
0.7915681948466545
0.6483191772911829
0.777056659797511
0.7927705804030123
0.6809508588622413
0.7552841086726718
0.6908216930553638
0.7919242500646456
0.8022669565487555
0.7983781123072147
0.7398216310054844
0.7555247117950082
0.6385210325109792
0.7166780666825018
0.7932382570641443
0.7793041335051611
0.7000888516519519
0.7857662111938225
0.786872856150646
0.6919972059749339
0.8330423614159276
0.7674821124118749
0.7585588458677791
0.6678117590815198
0.6990772216724543
0.775017155011642
0.7454192273450734
0.750506632465606
0.7703562475107106
0.7991559263179573
0.6455180688266084
0.7661631611551882
0.7523052689065034
0.7494566927972797
0.9158323789579896
0.9044800015048196
0.7052892975845149
0.6915617718752886
0.7529537135457872
0.699777805405794
0.6427701421994259
0.7749928211212924
0.7000648054391377
0.8067594508286375
0.7599127690717542
0.7893516983925022
0.8149616678753264
0.8135094830286727
0.7407186384333375
0.7580985497038609
0.7309241857902008
0.8587460021118224
0.8172762987296969
0.6803011603168146
0.7902622589347595
0.7927432596324551
0.813695827493509
0.6557502064799035
0.8506232455613085
0.8048279244858347
0.8069495374602291
0.8005673935889859
0.6977393995219259
0.7449230561207253
0.8354092125753548
0.8487198274221758
0.7200552825714406
0.7687167019550332
0.7007489583696276
0.826969720842511
0.7178360946466084
0.7950228207801734
0.7776495569819017
0.6647171604052505
0.7084115526930468
0.7434311161293413
0.7732406185207291
0.7717374837398963
0.8316045033546777
0.8432672707675846
0.6466501430968619
0.6588793131944968
0.7728042547084198
0.6899796126000796
0.7859725114377154
0.7852055600907221
0.6939384193333975
0.7707782508092343
0.7544402801422905
0.7706727556316852
0.6175907315811082
0.7367392659509898
0.7524183636371915
0.728779919717265
0.8232813451586111
0.7326044679958513
0.7137997903164416
0.7595243038011747
0.852901940148813
0.6675390401836361
0.7710240103729896
0.8559590467559205
0.7939728531301214
0.8227786010494338
0.6399180767855288
0.7372259575409844
0.8024381370832494
0.7733307406063242
0.7048701003618202
0.7193305500554825
0.7464808538010544
0.7910331482664213
0.8107900733244251
0.7862813308210996
0.7526138006873304
0.8480721319074666
0.8103118454812035
0.7702005304105101
0.7677552632147852
0.8053810438858254
0.7599636259549986
0.7058526377628599
0.7347883795467554
0.7240531173800934
0.6852868176303925
0.8007499006531414
0.7623574696314982
0.7543451112752952
0.8008983564564012
0.6811751045035473
0.8016970341628116
0.7789492695503286
0.7554485340921826
0.8281631666516484
0.8181021527855032
0.6877657830129315
0.7845039643652227
0.7684836462793307
0.8173888508025456
0.7736658873669776
0.7223718007281629
0.7406913900082699
0.8094887065619242
0.7861516854504087
0.786846952570199
0.6873379980531716
0.7284455125949089
0.6823116355669279
0.7798213383942423
0.7753369652409005
0.7622210365557719
0.8050162419520034
0.8058746689709678
0.789520636730867
0.8313579167447169
0.6976008160440393
0.7616702700946392
0.7828528724620353
0.6664182995995281
0.7188578073855345
0.7740838388066559
0.7603344822194792
0.7398147326290175
0.8137956342774003
0.7239261878610717
0.7806584269304951
0.725178116759722
0.7556330235667935
0.7725680687065348
0.6932926890204874
0.7780915655149467
0.7900111151951816
0.7557321789718612
0.7965941862758886
0.8092985925077466
0.7783060649755195
0.8080207017087566
0.7832272417119769
0.739043445439954
0.7799275212469748
0.7428178338572329
0.7973324973577754
0.7991090490011191
0.6202358569553289
0.8363146135751985
0.8217091370060533
0.7614802624297438
0.8489581587470099
0.7453605154729566
0.7510223018100469
0.7528032266807893
0.7666302182763153
0.7116844753031691
0.7750217792244585
0.8118483858387674
0.769420036260893
0.8065885669297067
0.842480005245995
0.7499743573678246
0.6972675210473075
0.7305826109128056
0.7723285435018497
0.7063168365883609
0.6617163063564416
0.705012219053698
0.672276463469565
0.6040146201669442
0.7454005066762064
0.819478628298901
0.7818130749848157
0.8088904155039733
0.7358641698496128
0.7586789452801825
0.6757670889306059
0.6506435038380455
0.7322841819584811
0.7248379384518014
0.6696884089696146
0.8718941128529456
0.6065654442055616
0.7610639694129263
0.7681238726471585
0.7878504135063306
0.7645380155046654
0.766770068133234
0.7405434723322155
0.715425327154135
0.7105286614605169
0.806834545109179
0.755148569060425
0.8272395305871874
0.7095716660356199
0.749030090958738
0.76985828806577
0.8282922579801096
0.8575026215735211
0.7808370912239124
0.7604779131938354
0.6743143308539268
0.7967066099267032
0.7845164917825163
0.7962999153818564
0.7845019055389676
0.8170851252112733
0.7471124260436949
0.6591578403057091
0.7252956738525951
0.8391537847360513
0.8191539949060331
0.7308347751797798
0.7654426987879376
0.7554810120436217
0.7818093551128299
0.7739797116529129
0.7761867052180699
0.8255726140801659
0.6398362336629877
0.7911592836593654
0.8458317590609515
0.723226565899913
0.7271129110402852
0.7929967271510666
0.765820729403512
0.7259686027409951
0.7090106823744021
0.7787517958042898
0.8217419448387008
0.7547051268860413
0.741899390700945
0.7945344175342938
0.7817813651510684
0.770606660184602
0.7291576569285689
0.7214039406351598
0.7456468945284488
0.7430635547309391
0.8722979858677354
0.7900030204053144
0.8381058040484355
0.7418406380677063
0.8191463074497679
0.7263535112946821
0.7975026417613881
0.8097269479189344
0.8021946693130413
0.7562696025288554
0.8120497238729578
0.8011864015367466
0.786383718079163
0.7997033361150558
0.7988147881893659
0.7054618665686151
0.7736580363034378
0.8339396730052214
0.7913099051271423
0.7164113130678479
0.7314483949623564
0.7125568461867154
0.7795637440279745
0.7374966994275612
0.7395804321069503
0.6322112012782365
0.8546360907250671
0.8193539001289379
0.675991525335171
0.7958226671565798
0.7980927978710517
0.7503151058466029
0.7466098417869116
0.8177164949686699
0.727637717707196
0.7287379123991674
0.7491167634181028
0.7290254102433081
0.714192453079006
0.7702886707401612
0.7483879761389155
0.7232475946829015
0.7514732571788406
0.8039649917012176
0.7578789782920681
0.7560727845005512
0.765109660051769
0.8189087065491277
0.7239773258529841
0.9064702988323932
0.7803466309362195
0.7624792518597415
0.7835734096105622
0.6893004450376882
0.8441789185521079
0.7976988342851125
0.7769154017679205
0.7368453576010601
0.7499202595540984
0.7737963938074416
0.7872863565495117
0.789320731749401
0.8434224613416063
0.7332874053260297
0.7344263751700041
0.7908923601862792
0.8410279196476038
0.784645452857872
0.7981743633889061
0.6168921110350635
0.7753993805671581
0.7847312832599305
0.855465817711142
0.7240340401194015
0.7590438199578169
0.6470288386788362
0.7002147468889737
0.792551426867919
0.8024591492597912
0.7516923780056163
0.7702465408175287
0.7142347304689982
0.8155323025342837
0.8069599864044877
0.7877929745417054
0.6863714515299998
0.8285026146117115
0.7350882522093128
0.8850403906337376
0.7834909448358807
0.838256794746932
0.636901572201087
0.7907565631681701
0.7622096385249979
0.8536794348554609
0.7466397672753275
0.932349251535247
0.844479811765295
0.8377387343763127
0.6832009864804969
0.8540712812484695
0.7461107104456028
0.8194186157382517
0.7877339612042581
0.8157829341360318
0.8011744459589962
0.7707948199781247
0.736589914034737
0.7696270947367566
0.8329395342874265
0.7397671333176965
0.7136500547963236
0.7735248323210879
0.7531907635244318
0.7848493007332233
0.7358572254312814
0.7211397776926541
0.7160333621064013
0.749496523851945
0.7752809238704494
0.7518964230954511
0.7360323215111136
0.7610368907988705
0.7687476185985598
0.8215532021488927
0.7763695892295231
0.7541332959083368
0.6785544445194162
0.813505403370892
0.5182796700815272
0.6892870600757095
0.7409789839347328
0.757842710801121
0.7741361648266228
0.7938859637504032
0.8381216112537064
0.7740289641247803
0.7902333272414247
0.7808134901025388
0.7937707331825105
0.7451792377353802
0.7508225325730802
0.7568905275270423
0.7790568090590428
0.8051391921498201
0.8054181546177014
0.847227526774945
0.6193496340727743
0.7512707799063901
0.6953300684881945
0.7680386800559881
0.7253013988577939
0.7454270273558304
0.7820171145585771
0.722790230949482
0.8610928074735873
0.7729268452708234
0.7908123320273573
0.7545307545645851
0.6930217716662044
0.7922255909665568
0.7749136478179086
0.7584607989740944
0.7610627625001719
0.7517240987031432
0.7950134162948534
0.7733607199727532
0.7643957970354398
0.7906667967653465
0.7227794635274081
0.7561458291558448
0.7604694707152565
0.7131736151910704
0.78308801587402
0.6957491520587857
0.7818857628278538
0.8239008239721926
0.7400099788825618
0.7955522676995037
0.721965358919579
0.832342559147432
0.7790076328817945
0.6878728212878046
0.7111738929692557
0.7487093677968952
0.7203801503123453
0.8354820225988321
0.6932539497511455
0.6703366672881006
0.7063904064844766
0.7831086693442423
0.7516435935008653
0.7472470085723907
0.759142136685347
0.7647262700781362
0.7304633249922678
0.7974082821668834
0.7909509012776482
0.7732556649843364
0.7242763020707917
0.8168372190387371
0.7450121867226256
0.7887609970822524
0.7654039019407123
0.8275178002694626
0.8190034613731526
0.7563691722449964
0.7836916837397153
0.8197972092429424
0.7214438588561103
0.6891741045413404
0.8207548143598109
0.6740092736149069
0.8441181147382694
0.6772722814950723
0.7866395304114367
0.7895070341684233
0.7802476949160796
0.858224104346299
0.768538605846369
0.7364281552359979
0.752924224362171
0.7276275311462158
0.8397639671318126
0.7555983985302615
0.7331797435192793
0.6992154366713315
0.8126933415148546
0.7419086599862832
0.7575528452120699
0.7973170308504229
0.7907480266405711
0.7594850883404672
0.7541495569770603
0.8147787833651902
0.7223771176049569
0.7568781133512205
0.7894517982149493
0.7937852932028829
0.8088788224072402
0.8066766465905828
0.753692710408505
0.7529808260080877
0.7722904630742742
0.7969519870480859
0.8178176625117946
0.7925158489795855
0.8072135758575825
0.8052030972411192
0.7562704829226805
0.7980660184802637
0.7555712962211271
0.7790772500625566
0.7634750632879258
0.7953655648480081
0.7288550885951428
0.7833133769425583
0.7786547591542018
0.8045724860134111
0.7116883137687158
0.6866891225040942
0.857876868119858
0.8062410787204254
0.8074682935919965
0.8288751387142606
0.7787039633960882
0.7653155521015061
0.8046934041254828
0.7899297295573942
0.5769000657835452
0.7575388600454552
0.8550582213311616
0.7534769689662931
0.7949245963818109
0.8403337789758734
0.8083033995373058
0.772800852510914
0.7847117249558604
0.7598800050258925
0.7777611770088575
0.8076011914817401
0.7617341453983549
0.7821554941404589
0.7433237081876091
0.6944224936590289
0.7527212920923548
0.7029400911178422
0.7782176840170791
0.7178961248876425
0.7707495633107241
0.7020147361276724
0.6816693298669416
0.7847585266022137
0.7567612408863696
0.7571629523951552
0.679199524658158
0.6684951550187253
0.7474684909469134
0.6598257421002649
0.8085971008923278
0.7335334431447741
0.7066308466687298
0.6799302873139994
0.8214335178993979
0.7750095312187995
0.8263943354954267
0.735910790614678
0.8425941301813347
0.7916566458448053
0.8416311561670798
0.7799119771830592
0.8006247009534907
0.7876018299017185
0.791941102712716
0.75263291530053
0.8324122487281154
0.7040051736027672
0.8040621816762685
0.6951911892285136
0.6919159441289147
0.7982647018087393
0.7491495783035426
0.7828970163331911
0.7654775899663468
0.7271371760557
0.775896354535655
0.7225431591290847
0.6418059583875155
0.7661055960793021
0.7243071999231351
0.7979089533569724
0.7851820537214343
0.8324268415942542
0.691548275989111
0.7911018604741241
0.7052985343176584
0.7466897955861788
0.6930839601793082
0.7119054291371671
0.7425873851914786
0.7992523623557389
0.8673657083256333
0.7204420446804208
0.7144366779849635
0.7060528144864717
0.7706110320893594
0.777851643445384
0.7756805731881901
0.8115474142601724
0.7303737841912732
0.7452686059529852
0.7516744646535988
0.752998810326402
0.7579780019653236
0.7416221940229378
0.795170924022611
0.6688336665446035
0.755315814044268
0.773022651422767
0.7272754011825396
0.7589988775135853
0.8209917997500007
0.789685217414873
0.7463328473864311
0.7624940936104516
0.7455832776844433
0.8062792810150412
0.7953711572370078
0.6846289084344476
0.7073253790545568
0.6940517815893945
0.7826991772043974
0.8075760171049847
0.8417169983635047
0.865397580872721
0.795138607107348
0.7848365167436325
0.7861735442082401
0.8047734919566952
0.7809884453567317
0.6576700514844793
0.7517390349291037
0.7415629335404164
0.8075821523844035
0.7995954639197196
0.7463021435045966
0.7580592354707959
0.7090248789049168
0.8756424686490434
0.7825170011582283
0.763158126709043
0.7214881102255449
0.784267858417837
0.7499953907166533
0.6962870855228639
0.6462444313839041
0.7572448271862406
0.7282262005278471
0.8306002206728776
0.7500317198672504
0.7372088498890962
0.8271403174389865
0.7332967936381736
0.8421006239831934
0.7932490198462537
0.8102182574722824
0.7515350043856991
0.7584896132027966
0.7178445913444583
0.7189568232292564
0.8031515110264227
0.6256261964383522
0.7702724010204745
0.7801307376244305
0.7749816318267614
0.7714274160048675
0.8140026066475017
0.7030608046610833
0.8916511520683053
0.728251311679895
0.6829012787487195
0.8235127545672838
0.7893535305639846
0.7934225734922531
0.8008403683331686
0.7797584423864713
0.7268365434002936
0.6555301034533445
0.6507318011009421
0.8285368677830447
0.8741634018145505
0.7883326500403733
0.7209665256694502
0.7323873315527106
0.7974207772188057
0.7896465840089502
0.8227991624011917
0.779608876126148
0.7326587835787464
0.750171447453852
0.7769561304439372
0.7642181099198062
0.7108470509441082
0.7401539888780527
0.8197630372502315
0.8160584046336365
0.7151402560565835
0.6743868931364688
0.7154262126173982
0.7897114733799907
0.7602648193579435
0.7925000664856658
0.7334468972645521
0.7739663768866104
0.8224483775852665
0.663111979975287
0.8152676312461314
0.8167165398598049
0.7985621797982521
0.6936610898785086
0.7363412121936825
0.7537740447004483
0.7252545345003573
0.7132050190302436
0.7222688245782102
0.6783369829765412
0.8514001964879367
0.7733082677161383
0.6996108248163796
0.6709307769472818
0.7426646936674439
0.7764439802163149
0.7706228791288464
0.7616472824440633
0.8499764717448698
0.6942912317868815
0.8087097145201616
0.8023000980972227
0.8135418308098161
0.7896200818157207
0.7985862263648017
0.7541819691213435
0.7237875110549845
0.8393532861194132
0.8265891651134116
0.8372412812722019
0.7551203036252137
0.7650574356247887
0.7463312238306835
0.6324215436084524
0.7074347488750595
0.8226199503179544
0.8482236947824069
0.7560422536717396
0.6736090654890646
0.715291129514746
0.7580220659037521
0.7117015383272371
0.7081551561123461
0.8848378189466132
0.7413776139200081
0.7050754357798956
0.7872397522213199
0.6976586081244384
0.7611028908465804
0.8116926562860465
0.7480298583107886
0.7984170984232392
0.688273243433018
0.826771966294257
0.729364151278549
0.7407247806812178
0.7623959639921208
0.7948847191101943
0.6976796692921551
0.7612419798048865
0.8073334017615101
0.6527715435760735
0.7686430824633493
0.7853032919979704
0.8502054847421627
0.8126536037188693
0.7009725943468414
0.8192320166707397
0.8430772037720168
0.7728791327678807
0.7988798679845014
0.6627693982222327
0.7233803066569022
0.7870025105701386
0.8693943160746809
0.7102846675322305
